21212
21213
21215
21216
21310
21311
21312
21313
21314
21315
21316
21317
21318
21319
21320
21321
21323
21324
21329
21330
21331
21333
21336
21337
21338
21340
21341
21342
21343
21344
21345
21348
21349
21351
21353
21501
21504
21507
21508
21509
21510
21511
21514
21515
21517
21519
21520
21521
21522
21523
21524
21525
21529
21530
21532
21533
21534
21535
21540
21542
21543
21544
21545
21546
21547
21550
21552
21554
21555
21556
21557
21558
21560
21561
21563
21564
21565
21566
21567
21568
21575
21577
21580
21581
21585
21588
21595
21600
21601
21612
21613
21614
21616
21617
21618
21619
21620
21621
21622
21623
21624
21625
21626
21627
21631
21632
21633
21634
21635
21636
21637
21641
21642
21643
21644
21646
21647
21648
21651
21652
21653
21654
21657
21661
21666
21671
21683
21691
21692
21693
21694
21695
21697
21701
21702
21703
21706
21711
21721
21723
21728
21729
21731
21732
21781
21784
21785
21791
21792
21793
21796
21799
21800
21801
21802
21803
21804
21805
21806
21807
21808
21809
21811
21821
21822
21823
21824
21825
21826
21828
21831
21841
21843
21845
21847
21861
21862
21863
21864
21866
21867
21869
21881
21882
21883
21886
21887
21888
21900
21903
21905
21906
21907
21908
21909
21921
21922
21923
21924
21925
21926
21931
21943
21944
21946
21947
21948
21960
21961
21962
21963
21964
21965
21966
21967
21968
21971
21973
21977
21981
21983
21989
21991
21994
21995
21999
22300
22301
22302
22304
22305
22306
22307
22308
22309
22310
22311
22312
22316
22317
22318
22319
22320
22321
22322
22323
22325
22327
22328
22329
22331
22332
22333
22334
22338
22339
22340
22341
22342
22343
22344
22345
22346
22347
22348
22349
22351
22354
22360
22361
22362
22363
22364
22365
22366
22367
22368
22369
22372
22375
22376
22377
22379
22382
22385
22388
22389
22391
22392
22393
22394
22397
22400
22404
22414
22417
22418
22419
22420
22424
22427
22431
22434
22436
22500
22501
22502
22504
22507
22508
22509
22510
22511
22513
22514
22517
22518
22519
22520
22521
22523
22524
22525
22528
22529
22530
22533
22534
22535
22536
22540
22543
22544
22545
22546
22547
22548
22550
22551
22552
22555
22556
22557
22560
22561
22562
22563
22564
22565
22566
22567
22569
22570
22575
22577
22580
22581
22582
22583
22584
22585
22588
22591
22592
22593
22594
22595
22596
22599
22700
22702
22703
22704
22705
22706
22707
22708
22709
22710
22715
22716
22717
22718
22719
22721
22722
22723
22727
22730
22731
22732
22733
22734
22735
22736
22737
22738
22739
22740
22741
22743
22744
22745
22746
22747
22748
22749
22750
22751
22752
22753
22754
22755
22756
22757
22758
22759
22760
22761
22766
22767
22768
22770
22771
22772
22774
22775
22776
22777
22779
22780
22781
22782
22783
22784
22785
22786
22787
22788
22789
22790
22791
22792
22793
22794
22795
22796
22797
22798
22799
22800
22807
22808
22809
22810
22816
22817
22818
22819
22820
22823
22827
22830
22839
22840
22849
22850
22855
22860
22869
22870
22879
22880
22884
22885
22888
22890
22899
22900
22901
22906
22907
22908
22909
22910
22917
22918
22919
22920
22928
22929
22930
22939
22940
22949
22950
22958
22959
22960
22970
22979
22980
22989
22990
22994
22995
22999
24420
24422
24423
24424
24425
24426
24430
24433
24434
24435
24436
24441
24442
24445
24446
24447
24453
24454
24455
24459
24463
24466
24467
24468
24470
24471
24472
24473
24474
24475
24476
24477
24479
24481
24482
24484
24485
24486
24491
24492
24493
24494
24495
24496
24498
24499
24504
24507
24508
24509
24510
24514
24517
24519
24520
24521
24522
24523
24524
24525
24534
24540
24543
24545
24547
24550
24552
24555
24557
24563
24564
24565
24566
24567
24577
24588
26300
26301
26304
26305
26306
26309
26321
26322
26323
26341
26347
26350
26351
26352
26359
26400
26401
26402
26404
26407
26408
26409
26411
26412
26413
26414
26418
26419
26422
26424
26425
26426
26429
26430
26431
26434
26435
26436
26437
26439
26460
26465
26466
26467
26469
26470
26475
26476
26477
26481
26484
26488
26492
26493
26494
26495
26496
26497
26504
26505
26507
26508
26509
26510
26514
26517
26519
26520
26521
26522
26523
26524
26525
26526
26534
26535
26540
26543
26547
26550
26552
26555
26556
26557
26558
26561
26563
26564
26565
26566
26575
26577
26580
26581
26588
26651
26652
26653
26655
26656
26658
26660
26661
26662
26663
26664
26665
26666
26667
26668
26669
26670
26672
26673
26674
26675
26676
26677
26678
26679
26684
26912
26913
26915
26916
26917
26918
26919
26921
26923
26924
26925
26927
26928
26929
27203
27205
27207
27208
27281
27282
27283
27288
27289
27303
27305
27306
27307
27321
27322
27323
27324
27326
27327
27328
27329
27345
27346
27394
27395
27396
27398
27399
27451
27452
27455
27456
27457
27458
27459
27470
27472
27473
27474
27475
27476
27480
27481
27483
27484
27485
27486
27504
27506
27507
27508
27509
27510
27514
27517
27519
27520
27521
27522
27523
27524
27525
27526
27527
27530
27531
27534
27535
27540
27543
27544
27547
27550
27552
27555
27556
27557
27558
27563
27564
27565
27566
27572
27577
27588
27602
27603
27604
27606
27607
27611
27617
27720
27721
27722
27723
27743
27744
27746
27747
27761
27763
27764
27766
27767
27768
27769
27771
27775
27776
27777
27778
27779
27780
27782
27783
27785
27787
27788
27921
27922
27923
27924
27927
27928
27932
27933
27934
27935
27938
27939
27945
27946
27947
27948
27952
27953
27955
27956
27957
27958
27966
27967
27968
27970
27971
27973
27974
27978
27979
31300
31301
31302
31303
31305
31306
31307
31308
31309
31310
31311
31312
31313
31318
31320
31321
31322
31323
31324
31325
31326
31327
31328
31329
31330
31331
31332
31333
31334
31335
31336
31337
31338
31339
31340
31341
31342
31344
31348
31349
31350
31351
31352
31353
31354
31356
31357
31358
31359
31368
31370
31371
31372
31376
31377
31378
31379
31380
31381
31382
31384
31385
31386
31387
31388
31389
31390
31394
31397
31398
31399
31501
31502
31503
31504
31505
31506
31507
31508
31509
31511
31514
31515
31517
31519
31520
31521
31522
31523
31524
31525
31526
31528
31529
31530
31531
31533
31534
31535
31536
31537
31540
31541
31543
31544
31545
31547
31548
31550
31551
31552
31553
31555
31556
31557
31558
31560
31561
31566
31567
31577
31580
31581
31582
31583
31584
31586
31599
31630
31631
31632
31633
31634
31635
31636
31637
31638
31660
31666
31667
31668
31682
31688
31700
31701
31702
31705
31710
31711
31712
31720
31721
31722
31724
31731
31732
31734
31735
31736
31738
31739
31740
31741
31742
31744
31747
31748
31750
31751
31752
31754
31755
31756
31760
31761
31762
31763
31764
31765
31767
31768
31769
31770
31771
31772
31777
31780
31781
31782
31790
31791
31792
31802
31808
31809
31810
31812
31818
31819
31822
31825
31828
31829
31832
31838
31839
31842
31848
31849
31850
31852
31853
31858
31859
31862
31867
31868
31869
31872
31879
31882
31888
31889
31892
31893
31901
31904
31909
31910
31911
31914
31915
31917
31918
31919
31920
31921
31922
31924
31925
31926
31928
31930
31931
31932
31934
31938
31939
31940
31941
31944
31950
31951
31952
31954
31958
31959
31960
31961
31963
31964
31970
31971
31972
31974
31978
31979
31980
31981
31982
31984
31985
31990
31991
31992
31994
31996
31997
31998
31999
32312
32313
32315
32321
32322
32323
32324
32325
32326
32327
32328
32329
32331
32332
32333
32338
32339
32341
32342
32343
32344
32345
32346
32351
32352
32353
32355
32356
32357
32358
32361
32365
32366
32372
32373
32374
32376
32377
32378
32381
32384
32385
32386
32387
32389
32391
32392
32393
32396
32397
32420
32421
32422
32423
32424
32426
32427
32431
32432
32433
32435
32436
32438
32461
32462
32464
32465
32466
32467
32471
32474
32475
32476
32481
32482
32483
32484
32485
32486
32487
32488
32489
32491
32492
32493
32494
32495
32497
32499
32500
32501
32504
32505
32507
32508
32509
32510
32511
32512
32513
32514
32515
32517
32519
32520
32521
32522
32523
32524
32525
32526
32530
32531
32532
32533
32534
32535
32543
32544
32545
32547
32552
32554
32555
32556
32557
32558
32559
32560
32566
32577
32580
32581
32582
32588
32599
32613
32614
32617
32618
32621
32622
32623
32624
32625
32626
32627
32628
32629
32630
32631
32633
32636
32637
32639
32641
32644
32645
32652
32653
32654
32655
32661
32665
32666
32669
32671
32672
32674
32675
32677
32679
32681
32682
32685
32686
32710
32713
32717
32718
32720
32721
32722
32723
32724
32725
32726
32727
32729
32730
32731
32732
32733
32737
32740
32751
32752
32753
32754
32755
32756
32757
32758
32761
32763
32767
32835
32836
32838
32841
32842
32843
32845
32846
32847
32849
32852
32853
32854
32855
32857
32858
32859
32860
32861
32862
32863
32864
32865
32866
32867
32868
32869
32886
32888
32889
32910
32911
32912
32913
32914
32916
32919
32920
32922
32924
32925
32926
32927
32930
32931
32932
32933
32934
32935
32936
32937
32938
32939
32940
32941
32942
32943
32944
32945
32950
32951
32952
32953
32954
32955
32956
32957
32958
32959
32961
32962
32963
32964
32967
32968
32969
33221
33222
33223
33224
33225
33226
33227
33228
33243
33244
33251
33252
33333
33334
33335
33336
33341
33345
33346
33356
33359
33437
33438
33439
33442
33453
33504
33505
33507
33508
33509
33511
33514
33515
33517
33519
33520
33521
33522
33523
33524
33525
33530
33531
33533
33534
33535
33540
33543
33547
33550
33552
33553
33555
33556
33557
33566
33588
33650
33654
33655
33657
33671
33672
33673
33675
33676
33681
33684
33722
33729
33733
33736
33744
33748
33755
33765
33773
33783
33820
33821
33822
33823
33826
33827
33828
33841
33843
33845
33847
33849
33853
33854
33855
33856
33884
33888
33951
33952
33971
33972
33973
33975
33982
34402
34408
34409
34411
34413
34415
34420
34421
34422
34423
34424
34426
34427
34428
34429
34431
34432
34435
34437
34445
34446
34447
34448
34460
34461
34469
34491
34493
34494
34495
34496
34497
34504
34505
34507
34508
34509
34511
34514
34517
34519
34520
34521
34522
34523
34524
34525
34530
34531
34533
34534
34540
34543
34544
34547
34550
34552
34555
34556
34566
34588
41202
41203
41204
41205
41206
41207
41208
41209
41210
41211
41220
41222
41223
41224
41226
41227
41228
41229
41240
41241
41242
41248
41249
41250
41252
41259
41260
41261
41262
41266
41267
41268
41269
41280
41281
41282
41288
41289
41310
41311
41312
41317
41318
41319
41320
41322
41329
41340
41342
41348
41349
41360
41361
41362
41367
41368
41369
41370
41371
41372
41375
41377
41378
41379
41390
41391
41392
41397
41398
41399
41410
41411
41412
41414
41416
41417
41418
41419
41420
41422
41424
41429
41440
41442
41444
41445
41448
41449
41450
41451
41455
41458
41459
41460
41461
41462
41464
41467
41468
41469
41480
41481
41482
41484
41485
41486
41487
41488
41489
41490
41491
41492
41493
41494
41495
41496
41497
41498
41499
41500
41501
41504
41506
41507
41508
41509
41510
41511
41512
41514
41517
41519
41520
41521
41522
41523
41524
41525
41526
41528
41529
41530
41531
41534
41535
41540
41541
41543
41544
41545
41547
41550
41552
41553
41554
41555
41556
41557
41558
41559
41560
41561
41562
41566
41567
41573
41580
41581
41582
41583
41584
41588
41599
41610
41611
41612
41618
41619
41620
41622
41624
41628
41629
41630
41631
41632
41637
41638
41639
41660
41661
41662
41666
41669
41670
41671
41672
41675
41676
41678
41679
41709
41710
41711
41712
41720
41723
41724
41725
41726
41727
41728
41729
41740
41741
41743
41747
41748
41749
41750
41752
41754
41755
41756
41757
41758
41759
41760
41761
41763
41766
41767
41768
41769
41780
41781
41783
41784
41785
41787
41788
41789
41790
41792
41798
41799
41810
41811
41813
41817
41818
41819
41820
41822
41825
41828
41829
41830
41831
41832
41833
41835
41836
41838
41839
41850
41852
41854
41855
41857
41859
41870
41871
41872
41874
41875
41878
41879
41880
41881
41882
41883
41884
41885
41886
41887
41888
41910
41911
41914
41917
41918
41919
41920
41921
41922
41924
41925
41926
41928
41929
41930
41931
41932
41933
41934
41935
41937
41938
41939
41970
41971
41972
41978
41979
41980
41982
41984
41988
41989
43204
43205
43210
43211
43215
43216
43217
43218
43219
43222
43233
43243
43244
43245
43250
43251
43253
43254
43255
43256
43257
43258
43259
43260
43266
43268
43277
43282
43283
43284
43285
43286
43288
43299
43300
43305
43311
43317
43321
43322
43330
43333
43336
43338
43340
43343
43344
43355
43366
43377
43388
43399
43411
43421
43422
43424
43430
43433
43434
43443
43444
43446
43455
43456
43466
43477
43488
43495
43497
43499
43500
43501
43502
43504
43505
43506
43507
43508
43509
43521
43522
43523
43524
43526
43530
43531
43534
43535
43536
43537
43538
43539
43540
43541
43542
43543
43544
43545
43546
43547
43548
43549
43550
43553
43555
43556
43557
43558
43559
43577
43810
43811
43812
43813
43814
43815
43816
43817
43818
43819
43833
43834
43843
43844
43883
43888
43928
43931
43960
44200
44201
44202
44204
44205
44206
44207
44208
44209
44210
44211
44212
44213
44214
44215
44216
44217
44218
44219
44220
44221
44222
44224
44225
44226
44227
44228
44229
44233
44234
44235
44236
44237
44238
44239
44240
44241
44242
44245
44246
44247
44248
44249
44250
44251
44252
44253
44254
44255
44256
44257
44258
44259
44260
44261
44262
44263
44265
44266
44267
44268
44269
44270
44271
44272
44273
44274
44275
44276
44277
44278
44279
44280
44281
44283
44284
44285
44286
44287
44288
44289
44291
44292
44293
44294
44295
44296
44297
44298
44299
44300
44301
44302
44303
44305
44306
44307
44308
44309
44310
44311
44312
44313
44314
44315
44316
44317
44318
44319
44320
44321
44322
44325
44332
44333
44334
44335
44337
44340
44341
44342
44344
44350
44355
44357
44358
44360
44361
44362
44363
44364
44365
44366
44368
44370
44371
44372
44377
44380
44381
44382
44383
44384
44385
44386
44387
44388
44389
44390
44391
44392
44395
44396
44397
44399
44400
44401
44403
44404
44405
44406
44411
44412
44413
44414
44415
44416
44417
44418
44419
44420
44421
44422
44430
44431
44432
44433
44434
44435
44436
44437
44438
44439
44440
44441
44444
44445
44446
44447
44448
44450
44451
44454
44455
44456
44457
44461
44462
44463
44465
44466
44468
44480
44481
44482
44483
44485
44487
44488
44491
44492
44493
44495
44496
44497
44498
44500
44501
44502
44503
44504
44505
44507
44508
44509
44510
44511
44512
44513
44514
44515
44517
44519
44520
44521
44522
44523
44524
44525
44527
44529
44530
44531
44532
44533
44534
44535
44536
44540
44542
44543
44544
44545
44547
44548
44550
44551
44552
44553
44554
44555
44556
44557
44558
44559
44560
44562
44563
44564
44565
44566
44567
44575
44576
44577
44578
44580
44581
44582
44583
44584
44585
44586
44588
44590
44595
44598
44623
44625
44627
44628
44629
44630
44631
44632
44633
44634
44635
44636
44637
44638
44639
44643
44644
44645
44651
44653
44654
44655
44656
44657
44658
44659
44666
44668
44680
44683
44686
44687
44700
44701
44702
44703
44704
44709
44710
44711
44712
44713
44714
44715
44716
44718
44720
44721
44722
44723
44724
44725
44726
44727
44728
44729
44730
44731
44732
44733
44734
44735
44736
44737
44738
44739
44740
44741
44742
44743
44744
44745
44746
44747
44748
44749
44750
44751
44752
44755
44760
44761
44762
44763
44764
44767
44768
44770
44771
44772
44773
44774
44775
44776
44777
44780
44781
44782
44783
44784
44785
44786
44787
44788
44789
44790
44792
44793
44796
44797
44798
44799
44800
44801
44802
44803
44804
44805
44806
44807
44808
44809
44810
44811
44812
44813
44814
44815
44816
44817
44818
44820
44821
44822
44823
44824
44825
44826
44828
44829
44830
44831
44832
44833
44834
44835
44836
44837
44838
44839
44840
44841
44842
44843
44844
44845
44846
44847
44848
44849
44850
44851
44852
44853
44854
44855
44856
44857
44858
44859
44860
44861
44862
44863
44864
44865
44866
44867
44868
44869
44870
44871
44872
44874
44875
44876
44877
44878
44879
44880
44881
44882
44883
44884
44885
44886
44887
44888
44893
44905
44908
44910
44911
44912
44913
44914
44915
44918
44919
44920
44921
44922
44923
44924
44925
44926
44927
44928
44929
44930
44931
44932
44933
44934
44935
44936
44937
44938
44939
44940
44941
44942
44943
44944
44945
44946
44947
44948
44949
44950
44951
44952
44953
44954
44955
44956
44970
44972
44974
44975
44977
44979
44980
44982
44984
44986
44991
44994
44995
44997
44998
44999
51220
51221
51222
51223
51224
51225
51226
51227
51228
51229
51280
51281
51282
51283
51284
51285
51286
52202
52203
52204
52208
52209
52212
52213
52214
52215
52216
52218
52219
52222
52223
52224
52226
52232
52233
52234
52235
52238
52242
52243
52244
52245
52246
52260
52261
52262
52263
52264
52265
52266
52267
52268
52269
52301
52303
52304
52305
52315
52316
52317
52318
52319
52320
52335
52336
52337
52338
52343
52345
52346
52347
52354
52355
52363
52364
52365
52366
52368
52369
52374
52375
52376
52378
52383
52384
52385
52386
52394
52396
52397
52502
52503
52504
52507
52508
52509
52510
52511
52514
52517
52519
52520
52521
52522
52523
52524
52525
52526
52529
52531
52533
52534
52535
52536
52540
52543
52544
52547
52548
52549
52550
52551
52552
52555
52556
52557
52558
52560
52566
52569
52577
52580
52581
52585
52588
52620
52622
52624
52625
52630
52631
52632
52633
52634
52635
52640
52643
52644
52645
52646
52647
52649
52653
52654
52657
52659
52670
52672
52674
52675
52680
52681
52682
52685
52687
52720
52721
52722
52723
52724
52725
52728
52730
52740
52741
52742
52743
52744
52745
52746
52747
52748
52761
52762
52763
52765
52766
52770
55210
55211
55212
55214
55216
55220
55221
55222
55224
55225
55240
55241
55243
55244
55245
55246
55250
55251
55253
55254
55256
55260
55263
55264
55265
55266
55280
55282
55283
55284
55285
55286
55290
55292
55293
55410
55412
55414
55415
55416
55417
55418
55420
55422
55440
55442
55444
55445
55446
55450
55451
55460
55462
55464
55465
55504
55505
55507
55508
55509
55511
55514
55515
55517
55519
55520
55521
55522
55523
55524
55525
55531
55533
55534
55535
55536
55543
55547
55550
55551
55552
55553
55554
55555
55556
55557
55566
55567
55588
55610
55611
55612
55614
55615
55616
55617
55618
55619
55620
55622
55624
55640
55642
55643
55644
55645
55646
55647
55648
55650
55653
55654
56200
56201
56202
56203
56204
56205
56206
56209
56210
56221
56222
56223
56225
56241
56242
56243
56245
56246
56247
56249
56250
56265
56266
56267
56268
56269
56281
56282
56284
56288
56290
56296
56297
56298
56299
56310
56401
56402
56404
56406
56410
56416
56417
56418
56419
56424
56426
56427
56430
56436
56437
56438
56441
56442
56443
56444
56448
56450
56451
56460
56461
56462
56463
56464
56466
56470
56481
56483
56484
56485
56486
56491
56493
56496
56500
56501
56502
56504
56507
56508
56509
56511
56514
56515
56516
56517
56519
56520
56521
56522
56523
56524
56525
56530
56531
56534
56535
56536
56543
56544
56547
56552
56555
56556
56558
56560
56561
56565
56566
56567
56580
56581
56582
56588
56599
56610
56611
56616
56618
56619
56621
56622
56624
56631
56633
56634
56640
56641
56644
56648
56649
56664
56666
56667
56668
56670
56675
56676
56677
56678
58003
58004
58058
58059
58100
58105
58111
58122
58123
58158
58160
58161
58162
58163
58164
58165
58166
58167
58168
58169
58178
58199
58200
58201
58202
58203
58204
58205
58206
58207
58210
58211
58212
58215
58216
58218
58219
58220
58221
58222
58223
58224
58225
58226
58227
58228
58229
58230
58231
58233
58234
58235
58236
58238
58239
58240
58241
58242
58243
58244
58245
58246
58247
58248
58249
58250
58252
58255
58257
58258
58261
58262
58263
58266
58267
58268
58269
58272
58274
58275
58277
58279
58280
58283
58285
58286
58289
58292
58293
58300
58301
58306
58307
58310
58311
58312
58316
58317
58319
58320
58321
58322
58323
58324
58325
58326
58327
58329
58330
58331
58332
58333
58334
58335
58338
58340
58341
58344
58345
58346
58351
58352
58353
58354
58356
58357
58358
58359
58360
58364
58373
58377
58386
58387
58388
58399
58400
58404
58411
58414
58424
58426
58429
58432
58433
58434
58436
58440
58442
58443
58444
58445
58448
58450
58451
58452
58453
58454
58455
58456
58458
58459
58460
58461
58462
58463
58464
58465
58466
58467
58468
58469
58470
58471
58472
58473
58474
58475
58476
58477
58478
58479
58480
58481
58482
58483
58484
58485
58486
58487
58488
58489
58499
58501
58502
58505
58506
58508
58511
58514
58515
58520
58521
58522
58523
58524
58525
58526
58527
58528
58529
58531
58550
58551
58552
58553
58554
58555
58556
58557
58558
58559
58560
58561
58562
58563
58564
58565
58566
58567
58568
58569
58570
58571
58572
58573
58574
58575
58576
58577
58578
58579
58580
58581
58582
58583
58584
58585
58586
58587
58588
58589
58590
58591
58595
58596
58598
58610
58611
58618
58619
58630
58631
58632
58633
58634
58635
58636
58637
58648
58649
58654
58658
58659
58660
58666
58667
58668
58674
58677
58680
58686
58687
58688
58700
58702
58705
58710
58713
58715
58717
58720
58721
58723
58724
58726
58733
58738
58748
58750
58758
58765
58767
58768
58770
58771
58774
58775
58776
58777
58786
58787
58789
58791
58792
58796
58799
58800
58806
58808
58809
58810
58811
58816
58817
58818
58819
58822
58827
58832
58833
58834
58835
58836
58844
58848
58850
58851
58852
58853
58854
58855
58856
58858
58864
58866
58871
58876
58878
58880
58881
58885
58886
58887
58888
58889
58892
58893
58894
58895
58896
58900
58906
58909
58911
58924
58925
58928
58929
58934
58935
58944
58955
58958
61201
61202
61204
61205
61206
61207
61208
61222
61225
61226
61227
61228
61260
61261
61262
61263
61264
61265
61266
61267
61268
61269
61270
61271
61272
61273
61274
61275
61276
61277
61278
61279
61280
61281
61282
61283
61284
61285
61286
61287
61288
61289
61294
61295
61296
61299
61301
61302
61303
61305
61306
61307
61308
61311
61312
61313
61315
61316
61317
61318
61319
61321
61322
61323
61324
61325
61326
61327
61328
61331
61332
61333
61335
61336
61337
61338
61339
61361
61362
61363
61365
61366
61367
61373
61375
61376
61377
61378
61381
61382
61383
61385
61386
61387
61400
61401
61402
61403
61404
61405
61406
61411
61413
61415
61416
61417
61418
61421
61422
61423
61425
61426
61431
61436
61444
61461
61462
61463
61465
61466
61467
61468
61469
61481
61482
61483
61485
61486
61487
61500
61501
61502
61503
61504
61507
61508
61509
61510
61511
61514
61515
61517
61519
61520
61521
61522
61523
61524
61525
61526
61529
61530
61531
61533
61534
61535
61543
61544
61545
61547
61550
61551
61552
61553
61554
61555
61556
61560
61561
61562
61564
61565
61566
61567
61568
61575
61577
61580
61581
61582
61583
61584
61585
61588
61599
61601
61602
61603
61605
61606
61631
61632
61633
61636
61638
61639
61641
61643
61645
61646
61666
61681
61682
61683
61685
61686
61687
61688
61689
61690
61691
61692
61693
61694
61695
61696
61697
61699
61701
61702
61703
61704
61705
61706
61711
61712
61713
61715
61716
61717
61721
61722
61723
61725
61726
61731
61733
61735
61741
61743
61745
61751
61753
61755
61756
61761
61763
61765
61766
61771
61773
61775
61777
61781
61783
61785
61786
61789
61791
61793
61795
61811
61813
61815
61816
61821
61823
61825
61826
61827
61831
61833
61835
61836
61841
61843
61845
61851
61853
61855
61856
61861
61863
61865
61871
61873
61875
61901
61902
61903
61905
61906
61911
61913
61915
61921
61922
61923
61925
61926
61927
61931
61933
61935
61936
61941
61943
61945
61951
61953
61955
61956
61961
61963
61965
61966
61971
61973
61975
61976
61981
61983
61985
61991
61993
61995
61999
62200
62205
62206
62207
62209
62210
62211
62212
62213
62216
62285
62286
62287
62288
62289
62291
62293
62295
62296
62297
62298
62299
62310
62311
62312
62315
62386
62387
62388
62389
62390
62391
62393
62394
62396
62398
62501
62503
62504
62505
62507
62508
62509
62511
62514
62517
62519
62520
62521
62522
62523
62524
62525
62530
62531
62534
62535
62540
62543
62544
62546
62547
62550
62552
62553
62554
62555
62556
62557
62558
62559
62561
62562
62566
62575
62577
62580
62581
62588
62599
62721
62723
62724
62726
62737
62738
62739
62745
62746
62747
62748
62749
62751
62752
62754
62756
62758
62765
62767
62768
62769
62771
62772
62773
62775
62776
62777
62785
62787
62788
62789
62791
62794
62797
62798
62822
62823
62824
62825
62827
62832
62834
62835
62836
62837
62838
62839
62842
62843
62844
62849
62855
62857
62858
62865
62866
62867
62868
62869
62871
62873
62874
62875
62876
62877
62878
62885
62886
62887
62888
62889
62891
62892
62893
62894
62896
62897
62915
62916
62917
62918
62919
62921
62922
62923
62926
62927
62929
62955
62956
62957
62958
62959
62961
62962
62963
62964
62965
62966
62968
71220
71221
71222
71223
71224
71225
71226
71227
71228
71229
71230
71231
71242
71243
71244
71245
71246
71250
71260
71272
71274
71277
71278
71279
71280
71282
71288
71290
71292
71298
71310
71311
71313
71314
71330
71333
71335
71340
71343
71344
71350
71351
71352
71353
71354
71360
71361
71362
71364
71365
71366
71367
71368
71369
71370
71371
71372
71374
71375
71376
71377
71378
71379
71380
71383
71385
71387
71388
71390
71393
71394
71410
71411
71412
71414
71420
71421
71422
71424
71430
71433
71434
71440
71444
71446
71447
71450
71454
71455
71460
71461
71463
71464
71466
71470
71474
71477
71492
71493
71494
71499
71500
71501
71503
71504
71505
71507
71508
71509
71511
71514
71517
71519
71520
71521
71522
71523
71524
71525
71526
71528
71529
71530
71531
71534
71535
71536
71540
71543
71544
71545
71547
71548
71550
71551
71552
71553
71554
71555
71556
71557
71558
71559
71560
71565
71566
71567
71570
71571
71575
71576
71577
71588
71590
71595
71599
71620
71622
71626
71627
71630
71633
71634
71636
71637
71638
71640
71642
71644
71646
71648
71649
71650
71651
71652
71654
71655
71656
71657
71658
71659
71660
71663
71664
71666
71667
71669
71670
71671
71672
71677
71678
71680
71686
71688
71690
71694
71695
71697
71698
71699
71720
71722
71723
71726
71727
71730
71733
71737
71740
71744
71747
71750
71755
71757
71760
71761
71763
71766
71767
71768
71770
71775
71777
71780
71787
71788
71790
71791
71793
71794
71795
71796
71797
71798
71799
71800
71801
71840
71841
71844
71845
71846
71850
71855
71858
71860
71866
71868
71870
71877
71878
71880
71886
71888
71890
71891
71898
71910
71911
71912
71913
71914
71917
71918
71919
71920
71923
71925
71929
71930
71931
71932
71940
71944
71945
71947
71948
71949
71950
71951
71952
71955
71960
71966
71969
71970
71971
71973
71977
71978
71979
71980
71982
71983
71985
71987
71988
71990
71992
71993
71994
71995
71996
71997
71998
71999
81250
81252
81253
81254
81255
81256
81257
81258
81284
81285
81286
81287
81288
81300
81302
81303
81306
81307
81308
81322
81323
81325
81328
81330
81332
81353
81354
81356
81373
81374
81377
81378
81382
81384
81385
81401
81403
81404
81407
81410
81413
81414
81415
81416
81417
81420
81422
81423
81424
81501
81504
81507
81508
81509
81511
81514
81515
81516
81517
81519
81521
81522
81523
81524
81525
81530
81531
81533
81534
81543
81544
81547
81552
81553
81554
81555
81556
81557
81558
81559
81566
81567
81581
81588
81595
81599
81630
81632
81633
81635
81637
81641
81645
81647
81650
81651
81655
81659
81660
81661
81664
81666
81667
81669
81681
81684
81710
81720
81723
81725
81733
81734
81735
81736
81738
81739
81740
81750
81755
81756
81757
81758
81759
81771
81772
81783
81784
81785
81786
81822
81824
81826
81828
81830
81832
81833
81834
81836
81837
81838
81839
81842
81844
81846
81850
81851
81852
81854
81856
81858
81860
81861
81862
81864
81866
81868
81911
81920
81921
81925
81926
81927
81928
81929
81931
81933
81935
81936
81941
81943
81947
81949
91204
91207
91208
91209
91210
91213
91214
91217
91219
91220
91221
91222
91223
91224
91225
91228
91230
91233
91234
91235
91236
91240
91243
91246
91247
91250
91252
91255
91260
91261
91262
91266
91280
91281
91282
91283
91284
91285
91288
91289
91290
91291
91600
91601
91602
91604
91605
91606
91608
91609
91610
91611
91612
91630
91640
91641
91646
91647
91648
91649
91682
91683
91684
91690
91694
91695
91696
91697
91730
91735
91743
91744
91745
91746
91751
91752
91753
91754
91755
91756
91759
91760
91780
91785
91786
91791
91792
91793
91794
91795
91796
91797
91798
91800
91801
91802
91803
91805
91806
91807
91808
91809
91811
91814
91815
91816
91820
91821
91822
91823
91825
91826
91827
91828
91829
91830
91831
91832
91835
91840
91850
91851
91857
91858
91859
91862
91863
91864
91865
91866
91867
91868
91869
91870
91871
91872
91873
91874
91875
91880
91881
91888
91910
91911
91912
91913
91914
91921
91922
91923
91924
91930
91935
91936
91940
91941
91942
91943
91944
91945
91946
91950
91960
91961
91966
91967
91968
91970
91971
91972
91973
91976
91980
91985
91986
91993
91994
91995
91996
