74022
74023
74024
74025
74026
74027
74028
74029
74030
74032
74033
74034
74035
74036
74037
74038
74039
74052
74053
74054
74055
74056
74057
74058
74059
74078
74079
74089
74090
74091
74092
74093
74094
74095
74096
74097
74098
74099
74220
74221
74222
74279
74400
74402
74403
74404
74405
74407
74408
74409
74480
74481
74490
74492
74493
74494
74495
74496
74497
74498
74499
74811
75400
75401
75402
75403
75404
75405
75406
75407
75408
75409
75410
75411
75412
75413
75414
75415
75416
75417
75418
75419
75420
75421
75422
75423
75424
75425
75426
75427
75428
75429
76000
76001
76002
76003
76004
76005
76006
76007
76008
76009
76200
76201
76202
76203
76204
76205
76206
76207
76208
76209
76210
76211
76212
76213
76214
76215
76216
76217
76218
76219
76220
76221
76222
76223
76224
76225
76226
76227
76228
76229
76230
76231
76232
76233
76234
76235
76236
76237
76238
76239
76240
76241
76242
76243
76244
76245
76246
76247
76248
76249
76250
76251
76252
76253
76254
76255
76256
76257
76258
76259
76260
76261
76262
76263
76264
76265
76266
76267
76268
76269
76270
76271
76272
76273
76274
76275
76276
76277
76278
76279
76280
76281
76282
76283
76284
76285
76286
76287
76288
76289
76290
76291
76292
76293
76294
76295
76296
76297
76298
76299
76300
76301
76302
76303
76304
76305
76306
76307
76308
76309
76310
76311
76312
76313
76314
76315
76316
76317
76318
76319
76320
76321
76322
76323
76324
76325
76326
76327
76328
76329
76330
76331
76332
76333
76334
76335
76336
76337
76338
76339
76340
76341
76342
76343
76344
76345
76346
76347
76348
76349
76350
76351
76352
76353
76354
76355
76356
76357
76358
76359
76360
76361
76362
76363
76364
76365
76366
76367
76368
76369
76370
76371
76372
76373
76374
76375
76376
76377
76378
76379
76380
76381
76382
76383
76384
76385
76386
76387
76388
76389
76390
76391
76392
76393
76394
76395
76396
76397
76398
76399
76400
76401
76402
76403
76404
76405
76406
76407
76408
76409
76410
76411
76412
76413
76414
76415
76416
76417
76418
76419
76420
76421
76422
76423
76424
76425
76426
76427
76428
76429
76430
76431
76432
76433
76434
76435
76436
76437
76438
76439
76440
76441
76442
76443
76444
76445
76446
76447
76448
76449
76450
76451
76452
76453
76454
76455
76456
76457
76458
76459
76460
76461
76462
76463
76464
76465
76466
76467
76468
76469
76470
76471
76472
76473
76474
76475
76476
76477
76478
76479
76480
76481
76482
76483
76484
76485
76486
76487
76488
76489
76490
76491
76492
76493
76494
76495
76496
76497
76498
76499
76500
76501
76502
76503
76504
76505
76506
76507
76508
76509
76510
76511
76512
76513
76514
76515
76516
76517
76518
76519
76520
76521
76522
76523
76524
76525
76526
76527
76528
76529
76530
76531
76532
76533
76534
76535
76536
76537
76538
76539
76540
76541
76542
76543
76544
76545
76546
76547
76548
76549
76550
76551
76552
76553
76554
76555
76556
76557
76558
76559
76560
76561
76562
76563
76564
76565
76566
76567
76568
76569
76570
76571
76572
76573
76574
76575
76576
76577
76578
76579
76580
76581
76582
76583
76584
76585
76586
76587
76588
76589
76590
76591
76592
76593
76594
76595
76596
76597
76598
76599
76600
76601
76602
76603
76604
76605
76606
76607
76608
76609
76610
76611
76612
76613
76614
76615
76616
76617
76618
76619
76620
76621
76622
76623
76624
76625
76626
76627
76628
76629
76630
76631
76632
76633
76634
76635
76636
76637
76638
76639
76640
76641
76642
76643
76644
76645
76646
76647
76648
76649
76650
76651
76652
76653
76654
76655
76656
76657
76658
76659
76660
76661
76662
76663
76664
76665
76666
76667
76668
76669
76670
76671
76672
76673
76674
76675
76676
76677
76678
76679
76680
76681
76682
76683
76684
76685
76686
76687
76688
76689
76690
76691
76692
76693
76694
76695
76696
76697
76698
76699
76700
76701
76702
76703
76704
76705
76706
76707
76708
76709
76710
76711
76712
76713
76714
76715
76716
76717
76718
76719
76720
76721
76722
76723
76724
76725
76726
76727
76728
76729
76730
76731
76732
76733
76734
76735
76736
76737
76738
76739
76740
76741
76742
76743
76744
76745
76746
76747
76748
76749
76750
76751
76752
76753
76754
76755
76756
76757
76758
76759
76760
76761
76762
76763
76764
76765
76766
76767
76768
76769
76770
76771
76772
76773
76774
76775
76776
76777
76778
76779
76780
76781
76782
76783
76784
76785
76786
76787
76788
76789
76790
76791
76792
76793
76794
76795
76796
76797
76798
76799
76800
76801
76802
76803
76804
76805
76806
76807
76808
76809
76810
76811
76812
76813
76814
76815
76816
76817
76818
76819
76820
76821
76822
76823
76824
76825
76826
76827
76828
76829
76830
76831
76832
76833
76834
76835
76836
76837
76838
76839
76840
76841
76842
76843
76844
76845
76846
76847
76848
76849
76850
76851
76852
76853
76854
77000
77001
77002
77003
77004
77005
77006
77007
77008
77009
77010
77011
77012
77013
77014
77015
77016
77017
77018
77019
77020
77021
77022
77023
77024
77025
77026
77027
77028
77029
77200
77201
77202
77203
77204
77205
77206
77207
77208
77209
77210
77211
77212
77213
77214
77215
77216
77217
77218
77219
77220
77221
77222
77223
77224
77225
77226
77227
77228
77229
77230
77231
77232
77233
77234
77235
77236
77237
77238
77239
77240
77241
77242
77243
77244
77245
77246
77247
77248
77249
77250
77251
77252
77253
77254
77255
77256
77257
77258
77259
77260
77261
77262
77263
77264
77265
77266
77267
77268
77269
77270
77271
77272
77273
77274
77275
77276
77277
77278
77279
77280
77281
77282
77283
77284
77285
77286
77287
77288
77289
77290
77291
77292
77293
77294
77295
77296
77297
77298
77299
77316
77400
77401
77402
77403
77404
77405
77406
77407
77408
77409
77410
77411
77412
77413
77414
77415
77416
77417
77418
77419
77420
77421
77422
77423
77424
77425
77426
77427
77428
77429
77430
77431
77432
77433
77434
77435
77436
77437
77438
77439
77440
77441
77442
77443
77444
77445
77446
77447
77448
77449
77450
77451
77452
77453
77454
77455
77456
77457
77458
77459
77460
77461
77462
77463
77464
77465
77466
77467
77468
77469
77470
77471
77472
77473
77474
77475
77476
77477
77478
77479
77480
77481
77482
77483
77484
77485
77486
77487
77488
77489
77490
77491
77492
77493
77494
77495
77496
77497
77498
77499
77500
77501
77502
77503
77504
77505
77506
77507
77508
77509
77510
77511
77512
77513
77514
77515
77516
77517
77518
77519
77520
77521
77522
77523
77524
77525
77526
77527
77528
77529
77530
77531
77532
77533
77534
77535
77536
77537
77538
77539
77900
77901
77902
77903
77904
77905
77906
77907
77908
77909
77910
77911
77912
77913
77914
77915
77916
77917
77918
77919
77920
77921
77922
77923
77924
77925
77926
77927
77928
77929
77930
77931
77932
77933
77934
77935
77936
77937
77938
77939
77940
77941
77942
77943
77944
77945
77946
77947
77948
77949
77950
77951
77952
77953
77954
77955
77956
77957
77958
77959
77960
77961
77962
77963
77964
77965
77966
77967
77968
77969
77970
77971
77972
77973
77974
77975
77976
77977
77978
77979
77980
77981
77982
77983
77984
77985
77986
77987
77988
77989
77990
77991
77992
77993
77994
77995
77996
77997
77998
77999
78200
78201
78202
78203
78204
78205
78206
78207
78208
78209
78210
78211
78212
78213
78214
78215
78216
78217
78218
78219
78220
78221
78222
78223
78224
78225
78226
78227
78228
78229
78230
78231
78232
78233
78234
78235
78236
78237
78238
78239
78240
78241
78242
78243
78244
78245
78246
78247
78248
78249
78250
78251
78252
78253
78254
78255
78256
78257
78258
78259
78260
78261
78262
78263
78264
78265
78266
78267
78268
78269
78300
78301
78302
78303
78304
78305
78306
78307
78308
78309
78310
78311
78312
78313
78314
78315
78316
78317
78318
78319
78320
78321
78322
78323
78324
78325
78326
78327
78328
78329
78330
78331
78332
78333
78334
78335
78336
78337
78338
78339
78340
78341
78342
78343
78344
78345
78346
78347
78348
78349
78350
78351
78352
78353
78354
78400
78401
78402
78403
78404
78405
78406
78407
78408
78409
78600
78601
78602
78603
78604
78605
78606
78607
78608
78609
78610
78611
78612
78613
78614
78615
78616
78617
78618
78619
78620
78621
78622
78623
78624
78625
78626
78627
78628
78629
78630
78631
78632
78633
78634
78635
78636
78637
78638
78639
78640
78641
78642
78643
78644
78645
78646
78647
78648
78649
78650
78651
78652
78653
78654
78655
78656
78657
78658
78659
78660
78661
78662
78663
78664
78665
78666
78667
78668
78669
78670
78671
78672
78673
78674
78675
78676
78677
78678
78679
78680
78681
78682
78683
78684
78685
78686
78687
78688
78689
78690
78691
78692
78693
78694
78695
78696
78697
78698
78699
78700
78701
78702
78703
78704
78705
78706
78707
78708
78709
78710
78711
78712
78713
78714
78715
78716
78717
78718
78719
78720
78721
78722
78723
78724
78725
78726
78727
78728
78729
78730
78731
78732
78733
78734
78735
78736
78737
78738
78739
78740
78741
78742
78743
78744
78745
78746
78747
78748
78749
78750
78751
78752
78753
78754
78755
78756
78757
78758
78759
78760
78761
78762
78763
78764
78765
78766
78767
78768
78769
78770
78771
78772
78773
78774
78775
78776
78777
78778
78779
78780
78781
78782
78783
78784
78785
78786
78787
78788
78789
78790
78791
78792
78793
78794
78795
78796
78797
78798
78799
78800
78801
78802
78803
78804
78805
78806
78807
78808
78809
78810
78811
78812
78813
78814
78815
78816
78817
78818
78819
78820
78821
78822
78823
78824
78825
78826
78827
78828
78829
78830
78831
78832
78833
78834
78835
78836
78837
78838
78839
78840
78841
78842
78843
78844
78845
78846
78847
78848
78849
78850
78851
78852
78853
78854
78855
78856
78857
78858
78859
78860
78861
78862
78863
78864
78865
78866
78867
78868
78869
78870
78871
78872
78873
78874
78875
78876
78877
78878
78879
78880
78881
78882
78883
78884
78885
78886
78887
78888
78889
78890
78891
78892
78893
78894
78895
78896
78897
78898
78899
78900
78901
78902
78903
78904
78905
78906
78907
78908
78909
78910
78911
78912
78913
78914
78915
78916
78917
78918
78919
78920
78921
78922
78923
78924
78925
78926
78927
78928
78929
78930
78931
78932
78933
78934
78935
78936
78937
78938
78939
78940
78941
78942
78943
78944
78945
78946
78947
78948
78949
78950
78951
78952
78953
78954
78955
78956
78957
78958
78959
78960
78961
78962
78963
78964
78965
78966
78967
78968
78969
78970
78971
78972
78973
78974
78975
78976
78977
78978
78979
78980
78981
78982
78983
78984
78985
78986
78987
78988
78989
79100
79101
79102
79103
79104
79105
79106
79107
79108
79109
79120
79121
79122
79123
79124
79125
79126
79127
79128
79129
79130
79131
79132
79133
79134
79135
79136
79137
79138
79139
79150
79151
79152
79153
79154
79155
79156
79157
79158
79159
79170
79171
79172
79173
79174
79175
79176
79177
79178
79179
79190
79191
79192
79193
79194
79195
79196
79197
79198
79199
79200
79201
79202
79203
79204
79205
79206
79207
79208
79209
79210
79211
79212
79213
79214
79215
79216
79217
79218
79219
79220
79221
79222
79223
79224
79225
79226
79227
79228
79229
79230
79231
79232
79233
79234
79235
79236
79237
79238
79239
79240
79241
79242
79243
79244
79245
79246
79247
79248
79249
79250
79251
79252
79253
79254
79255
79256
79257
79258
79259
79260
79261
79262
79263
79264
79265
79266
79267
79268
79269
79270
79271
79272
79273
79274
79275
79276
79277
79278
79279
79280
79281
79282
79283
79284
79285
79286
79287
79288
79289
79290
79291
79292
79293
79294
79295
79296
79297
79298
79299
79300
79301
79302
79303
79304
79305
79306
79307
79308
79309
79310
79311
79312
79313
79314
79315
79316
79317
79318
79319
79320
79321
79322
79323
79324
79325
79326
79327
79328
79329
79330
79331
79332
79333
79334
79335
79336
79337
79338
79339
79340
79341
79342
79343
79344
79345
79346
79347
79348
79349
79350
79351
79352
79353
79354
79355
79356
79357
79358
79359
79360
79361
79362
79363
79364
79365
79366
79367
79368
79369
79370
79371
79372
79373
79374
79375
79376
79377
79378
79379
79380
79381
79382
79383
79384
79385
79386
79387
79388
79389
79390
79391
79392
79393
79394
79395
79396
79397
79398
79399
79400
79401
79402
79403
79404
79405
79406
79407
79408
79409
79410
79411
79412
79413
79414
79415
79416
79417
79418
79419
79420
79421
79422
79423
79424
79425
79426
79427
79428
79429
79430
79431
79432
79433
79434
79435
79436
79437
79438
79439
79440
79441
79442
79443
79444
79445
79446
79447
79448
79449
79450
79451
79452
79453
79454
79455
79456
79457
79458
79459
79460
79461
79462
79463
79464
79465
79466
79467
79468
79469
79470
79471
79472
79473
79474
79475
79476
79477
79478
79479
79480
79481
79482
79483
79484
79485
79486
79487
79488
79489
79490
79491
79492
79493
79494
79495
79496
79497
79498
79499
79500
79501
79502
79503
79504
79505
79506
79507
79508
79509
79510
79511
79512
79513
79514
79515
79516
79517
79518
79519
79520
79521
79522
79523
79524
79525
79526
79527
79528
79529
79530
79531
79532
79533
79534
79535
79536
79537
79538
79539
79540
79541
79542
79543
79544
79545
79546
79547
79548
79549
79550
79551
79552
79553
79554
79555
79556
79557
79558
79559
79560
79561
79562
79563
79564
79565
79566
79567
79568
79569
79570
79571
79572
79573
79574
79575
79576
79577
79578
79579
79580
79581
79582
79583
79584
79585
79586
79587
79588
79589
79590
79591
79592
79593
79594
79595
79596
79597
79598
79599
79600
79601
79602
79603
79604
79605
79606
79607
79608
79609
79610
79611
79612
79613
79614
79615
79616
79617
79618
79619
79620
79621
79622
79623
79624
79625
79626
79627
79628
79629
79630
79631
79632
79633
79634
79635
79636
79637
79638
79639
79640
79641
79642
79643
79644
79645
79646
79647
79648
79649
79650
79651
79652
79653
79654
79655
79656
79657
79658
79659
79660
79661
79662
79663
79664
79665
79666
79667
79668
79669
79670
79671
79672
79673
79674
79675
79676
79677
79678
79679
79680
79681
79682
79683
79684
79685
79686
79687
79688
79689
79690
79691
79692
79693
79694
79695
79696
79697
79698
79699
79700
79701
79702
79703
79704
79705
79706
79707
79708
79709
79710
79711
79712
79713
79714
79715
79716
79717
79718
79719
79720
79721
79722
79723
79724
79725
79726
79727
79728
79729
79730
79731
79732
79733
79734
79735
79736
79737
79738
79739
79740
79741
79742
79743
79744
79745
79746
79747
79748
79749
79750
79751
79752
79753
79754
79755
79756
79757
79758
79759
79760
79761
79762
79763
79764
79765
79766
79767
79768
79769
79770
79771
79772
79773
79774
79775
79776
79777
79778
79779
79780
79781
79782
79783
79784
79785
79786
79787
79788
79789
79790
79791
79792
79793
79794
79795
79796
79797
79798
79799
79800
79801
79802
79803
79804
79805
79806
79807
79808
79809
79810
79811
79812
79813
79814
79815
79816
79817
79818
79819
79820
79821
79822
79823
79824
79825
79826
79827
79828
79829
79830
79831
79832
79833
79834
79835
79836
79837
79838
79839
79840
79841
79842
79843
79844
79845
79846
79847
79848
79849
79850
79851
79852
79853
79854
79855
79856
79857
79858
79859
79860
79861
79862
79863
79864
79865
79866
79867
79868
79869
79870
79871
79872
79873
79874
79875
79876
79877
79878
79879
79880
79881
79882
79883
79884
79885
79886
79887
79888
79889
79890
79891
79892
79893
79894
79895
79896
79897
79898
79899
79900
79901
79902
79903
79904
79905
79906
79907
79908
79909
79910
79911
79912
79913
79914
79915
79916
79917
79918
79919
79920
79921
79922
79923
79924
79925
79926
79927
79928
79929
79930
79931
79932
79933
79934
79935
79936
79937
79938
79939
79940
79941
79942
79943
79944
79945
79946
79947
79948
79949
79950
79951
79952
79953
79954
79955
79956
79957
79958
79959
79960
79961
79962
79963
79964
79965
79966
79967
79968
79969
79977
79978
79979
79990
79991
79992
79993
79994
79995
79996
79997
79998
79999
